0.000000	 0.000000
0.012856	 0.015311
0.025712	 0.030612
0.038567	 0.045904
0.051423	 0.061185
0.064279	 0.076457
0.077135	 0.091719
0.089990	 0.106972
0.102846	 0.122214
0.115702	 0.137447
0.128558	 0.152669
0.141413	 0.167882
0.154269	 0.183085
0.167125	 0.198279
0.179981	 0.213462
0.192836	 0.228636
0.205692	 0.243800
0.218548	 0.258954
0.231404	 0.274098
0.244259	 0.289233
0.257115	 0.304358
0.269971	 0.319473
0.282827	 0.334578
0.295682	 0.349673
0.308538	 0.364758
0.321394	 0.379834
0.334250	 0.394900
0.347105	 0.409956
0.359961	 0.425002
0.372817	 0.440038
0.385673	 0.455065
0.398528	 0.470082
0.411384	 0.485089
0.424240	 0.500086
0.437096	 0.515073
0.449951	 0.530051
0.462807	 0.545019
0.475663	 0.559976
0.488519	 0.574925
0.501374	 0.589863
0.514230	 0.604791
0.527086	 0.619710
0.539942	 0.634619
0.552797	 0.649518
0.565653	 0.664407
0.578509	 0.679287
0.591365	 0.694156
0.604220	 0.709016
0.617076	 0.723866
0.629932	 0.738706
0.642788	 0.753537
0.655643	 0.768357
0.668499	 0.783168
0.681355	 0.797969
0.694211	 0.812760
0.707066	 0.827541
0.719922	 0.842313
0.732778	 0.857075
0.745634	 0.871827
0.758489	 0.886569
0.771345	 0.901301
0.784201	 0.916024
0.797057	 0.930736
0.809912	 0.945439
0.822768	 0.960132
0.835624	 0.974815
0.848480	 0.989489
0.861335	 1.004152
0.874191	 1.018806
0.887047	 1.033450
0.899903	 1.048084
0.912758	 1.062709
0.925614	 1.077323
0.938470	 1.091928
0.951326	 1.106523
0.964181	 1.121108
0.977037	 1.135683
0.989893	 1.150249
1.002749	 1.164805
1.015604	 1.179351
1.028460	 1.193887
1.041316	 1.208413
1.054172	 1.222929
1.067027	 1.237436
1.079883	 1.251933
1.092739	 1.266420
1.105595	 1.280897
1.118450	 1.295365
1.131306	 1.309822
1.144162	 1.324270
1.157018	 1.338708
1.169873	 1.353136
1.182729	 1.367555
1.195585	 1.381963
1.208441	 1.396362
1.221296	 1.410751
1.234152	 1.425130
1.247008	 1.439499
1.259864	 1.453859
1.272719	 1.468208
1.285575	 1.482548
1.298431	 1.496878
1.311287	 1.511199
1.324142	 1.525509
1.336998	 1.539810
1.349854	 1.554101
1.362710	 1.568382
1.375565	 1.582653
1.388421	 1.596914
1.401277	 1.611166
1.414133	 1.625408
1.426988	 1.639640
1.439844	 1.653862
1.452700	 1.668074
1.465556	 1.682277
1.478412	 1.696470
1.491267	 1.710652
1.504123	 1.724826
1.516979	 1.738989
1.529835	 1.753142
1.542690	 1.767286
1.555546	 1.781420
1.568402	 1.795544
1.581258	 1.809658
1.594113	 1.823763
1.606969	 1.837857
1.619825	 1.851942
1.632681	 1.866017
1.645536	 1.880082
1.658392	 1.894138
1.671248	 1.908183
1.684104	 1.922219
1.696959	 1.936245
1.709815	 1.950261
1.722671	 1.964268
1.735527	 1.978264
1.748382	 1.992251
1.761238	 2.006228
1.774094	 2.020195
1.786950	 2.034152
1.799805	 2.048100
1.812661	 2.062037
1.825517	 2.075965
1.838373	 2.089883
1.851228	 2.103792
1.864084	 2.117690
1.876940	 2.131579
1.889796	 2.145457
1.902651	 2.159326
1.915507	 2.173186
1.928363	 2.187035
1.941219	 2.200875
1.954074	 2.214704
1.966930	 2.228524
1.979786	 2.242335
1.992642	 2.256135
2.005497	 2.269925
2.018353	 2.283706
2.031209	 2.297477
2.044065	 2.311238
2.056920	 2.324989
2.069776	 2.338731
2.082632	 2.352463
2.095488	 2.366184
2.108343	 2.379896
2.121199	 2.393599
2.134055	 2.407291
2.146911	 2.420974
2.159766	 2.434647
2.172622	 2.448310
2.185478	 2.461963
2.198334	 2.475606
2.211189	 2.489240
2.224045	 2.502863
2.236901	 2.516477
2.249757	 2.530082
2.262612	 2.543676
2.275468	 2.557260
2.288324	 2.570835
2.301180	 2.584400
2.314035	 2.597955
2.326891	 2.611500
2.339747	 2.625036
2.352603	 2.638562
2.365458	 2.652077
2.378314	 2.665583
2.391170	 2.679080
2.404026	 2.692566
2.416881	 2.706043
2.429737	 2.719509
2.442593	 2.732966
2.455449	 2.746414
2.468304	 2.759851
2.481160	 2.773279
2.494016	 2.786696
2.506872	 2.800104
2.519727	 2.813502
2.532583	 2.826891
2.545439	 2.840269
2.558295	 2.853638
2.571150	 2.866997
2.584006	 2.880346
2.596862	 2.893685
2.609718	 2.907015
2.622573	 2.920334
2.635429	 2.933644
2.648285	 2.946944
2.661141	 2.960234
2.673996	 2.973515
2.686852	 2.986785
2.699708	 3.000046
2.712564	 3.013297
2.725419	 3.026538
2.738275	 3.039770
2.751131	 3.052991
2.763987	 3.066203
2.776842	 3.079405
2.789698	 3.092597
2.802554	 3.105779
2.815410	 3.118952
2.828265	 3.132114
2.841121	 3.145267
2.853977	 3.158410
2.866833	 3.171544
2.879688	 3.184667
2.892544	 3.197781
2.905400	 3.210885
2.918256	 3.223979
2.931112	 3.237063
2.943967	 3.250137
2.956823	 3.263202
2.969679	 3.276257
2.982535	 3.289302
2.995390	 3.302337
3.008246	 3.315362
3.021102	 3.328378
3.033958	 3.341383
3.046813	 3.354379
3.059669	 3.367365
3.072525	 3.380342
3.085381	 3.393308
3.098236	 3.406265
3.111092	 3.419212
3.123948	 3.432149
3.136804	 3.445076
3.149659	 3.457993
3.162515	 3.470901
3.175371	 3.483799
3.188227	 3.496687
3.201082	 3.509565
3.213938	 3.522433
3.226794	 3.535292
3.239650	 3.548141
3.252505	 3.560980
3.265361	 3.573809
3.278217	 3.586628
3.291073	 3.599438
3.303928	 3.612238
3.316784	 3.625027
3.329640	 3.637808
3.342496	 3.650578
3.355351	 3.663338
3.368207	 3.676089
3.381063	 3.688830
3.393919	 3.701561
3.406774	 3.714282
3.419630	 3.726994
3.432486	 3.739695
3.445342	 3.752387
3.458197	 3.765069
3.471053	 3.777741
3.483909	 3.790404
3.496765	 3.803056
3.509620	 3.815699
3.522476	 3.828332
3.535332	 3.840955
3.548188	 3.853568
3.561043	 3.866172
3.573899	 3.878765
3.586755	 3.891349
3.599611	 3.903923
3.612466	 3.916488
3.625322	 3.929042
3.638178	 3.941587
3.651034	 3.954122
3.663889	 3.966647
3.676745	 3.979162
3.689601	 3.991667
3.702457	 4.004163
3.715312	 4.016649
3.728168	 4.029125
3.741024	 4.041591
3.753880	 4.054047
3.766735	 4.066494
3.779591	 4.078931
3.792447	 4.091358
3.805303	 4.103775
3.818158	 4.116182
3.831014	 4.128580
3.843870	 4.140967
3.856726	 4.153345
3.869581	 4.165713
3.882437	 4.178072
3.895293	 4.190420
3.908149	 4.202759
3.921004	 4.215087
3.933860	 4.227406
3.946716	 4.239716
3.959572	 4.252015
3.972427	 4.264305
3.985283	 4.276584
3.998139	 4.288854
4.010995	 4.301115
4.023850	 4.313365
4.036706	 4.325606
4.049562	 4.337836
4.062418	 4.350057
4.075273	 4.362268
4.088129	 4.374470
4.100985	 4.386661
4.113841	 4.398843
4.126696	 4.411015
4.139552	 4.423177
4.152408	 4.435329
4.165264	 4.447471
4.178119	 4.459604
4.190975	 4.471727
4.203831	 4.483840
4.216687	 4.495943
4.229542	 4.508037
4.242398	 4.520120
4.255254	 4.532194
4.268110	 4.544258
4.280965	 4.556312
4.293821	 4.568356
4.306677	 4.580391
4.319533	 4.592416
4.332388	 4.604431
4.345244	 4.616436
4.358100	 4.628431
4.370956	 4.640417
4.383811	 4.652392
4.396667	 4.664358
4.409523	 4.676314
4.422379	 4.688260
4.435235	 4.700197
4.448090	 4.712123
4.460946	 4.724040
4.473802	 4.735947
4.486658	 4.747844
4.499513	 4.759732
4.512369	 4.771609
4.525225	 4.783477
4.538081	 4.795335
4.550936	 4.807183
4.563792	 4.819022
4.576648	 4.830850
4.589504	 4.842669
4.602359	 4.854478
4.615215	 4.866277
4.628071	 4.878066
4.640927	 4.889846
4.653782	 4.901615
4.666638	 4.913375
4.679494	 4.925125
4.692350	 4.936865
4.705205	 4.948596
4.718061	 4.960317
4.730917	 4.972027
4.743773	 4.983728
4.756628	 4.995420
4.769484	 5.007101
4.782340	 5.018772
4.795196	 5.030434
4.808051	 5.042086
4.820907	 5.053728
4.833763	 5.065361
4.846619	 5.076983
4.859474	 5.088596
4.872330	 5.100199
4.885186	 5.111792
4.898042	 5.123375
4.910897	 5.134949
4.923753	 5.146512
4.936609	 5.158066
4.949465	 5.169610
4.962320	 5.181144
4.975176	 5.192669
4.988032	 5.204183
5.000888	 5.215688
5.013743	 5.227183
5.026599	 5.238668
5.039455	 5.250144
5.052311	 5.261609
5.065166	 5.273065
5.078022	 5.284511
5.090878	 5.295947
5.103734	 5.307373
5.116589	 5.318790
5.129445	 5.330197
5.142301	 5.341594
5.155157	 5.352981
5.168012	 5.364358
5.180868	 5.375725
5.193724	 5.387083
5.206580	 5.398431
5.219435	 5.409769
5.232291	 5.421097
5.245147	 5.432415
5.258003	 5.443724
5.270858	 5.455023
5.283714	 5.466312
5.296570	 5.477591
5.309426	 5.488860
5.322281	 5.500120
5.335137	 5.511370
5.347993	 5.522610
5.360849	 5.533840
5.373704	 5.545060
5.386560	 5.556271
5.399416	 5.567471
5.412272	 5.578662
5.425127	 5.589843
5.437983	 5.601014
5.450839	 5.612176
5.463695	 5.623328
5.476550	 5.634469
5.489406	 5.645601
5.502262	 5.656724
5.515118	 5.667836
5.527973	 5.678939
5.540829	 5.690031
5.553685	 5.701114
5.566541	 5.712187
5.579396	 5.723251
5.592252	 5.734304
5.605108	 5.745348
5.617964	 5.756382
5.630819	 5.767406
5.643675	 5.778420
5.656531	 5.789425
5.669387	 5.800420
5.682242	 5.811404
5.695098	 5.822380
5.707954	 5.833345
5.720810	 5.844300
5.733665	 5.855246
5.746521	 5.866182
5.759377	 5.877108
5.772233	 5.888024
5.785088	 5.898930
5.797944	 5.909827
5.810800	 5.920714
5.823656	 5.931591
5.836511	 5.942458
5.849367	 5.953315
5.862223	 5.964163
5.875079	 5.975000
5.887935	 5.985828
5.900790	 5.996646
5.913646	 6.007455
5.926502	 6.018253
5.939358	 6.029042
5.952213	 6.039821
5.965069	 6.050590
5.977925	 6.061349
5.990781	 6.072098
6.003636	 6.082838
6.016492	 6.093568
6.029348	 6.104288
6.042204	 6.114998
6.055059	 6.125698
6.067915	 6.136389
6.080771	 6.147070
6.093627	 6.157741
6.106482	 6.168402
6.119338	 6.179053
6.132194	 6.189695
6.145050	 6.200326
6.157905	 6.210948
6.170761	 6.221560
6.183617	 6.232163
6.196473	 6.242755
6.209328	 6.253338
6.222184	 6.263911
6.235040	 6.274474
6.247896	 6.285027
6.260751	 6.295570
6.273607	 6.306104
6.286463	 6.316628
6.299319	 6.327142
6.312174	 6.337646
6.325030	 6.348140
6.337886	 6.358625
6.350742	 6.369099
6.363597	 6.379564
6.376453	 6.390020
6.389309	 6.400465
6.402165	 6.410900
6.415020	 6.421326
6.427876	 6.431742
6.440732	 6.442148
6.453588	 6.452544
6.466443	 6.462931
6.479299	 6.473307
6.492155	 6.483674
6.505011	 6.494031
6.517866	 6.504378
6.530722	 6.514716
6.543578	 6.525043
6.556434	 6.535361
6.569289	 6.545669
6.582145	 6.555967
6.595001	 6.566256
6.607857	 6.576534
6.620712	 6.586803
6.633568	 6.597062
6.646424	 6.607311
6.659280	 6.617550
6.672135	 6.627780
6.684991	 6.638000
6.697847	 6.648209
6.710703	 6.658410
6.723558	 6.668600
6.736414	 6.678780
6.749270	 6.688951
6.762126	 6.699112
6.774981	 6.709263
6.787837	 6.719404
6.800693	 6.729535
6.813549	 6.739657
6.826404	 6.749769
6.839260	 6.759871
6.852116	 6.769963
6.864972	 6.780045
6.877827	 6.790118
6.890683	 6.800180
6.903539	 6.810233
6.916395	 6.820276
6.929250	 6.830310
6.942106	 6.840333
6.954962	 6.850347
6.967818	 6.860351
6.980673	 6.870345
6.993529	 6.880329
7.006385	 6.890304
7.019241	 6.900268
7.032096	 6.910223
7.044952	 6.920168
7.057808	 6.930103
7.070664	 6.940029
7.083519	 6.949944
7.096375	 6.959850
7.109231	 6.969746
7.122087	 6.979632
7.134942	 6.989508
7.147798	 6.999375
7.160654	 7.009232
7.173510	 7.019079
7.186365	 7.028916
7.199221	 7.038743
7.212077	 7.048560
7.224933	 7.058368
7.237788	 7.068166
7.250644	 7.077954
7.263500	 7.087732
7.276356	 7.097501
7.289211	 7.107259
7.302067	 7.117008
7.314923	 7.126747
7.327779	 7.136476
7.340635	 7.146196
7.353490	 7.155905
7.366346	 7.165605
7.379202	 7.175295
7.392058	 7.184975
7.404913	 7.194645
7.417769	 7.204306
7.430625	 7.213957
7.443481	 7.223598
7.456336	 7.233229
7.469192	 7.242850
7.482048	 7.252461
7.494904	 7.262063
7.507759	 7.271655
7.520615	 7.281237
7.533471	 7.290809
7.546327	 7.300372
7.559182	 7.309924
7.572038	 7.319467
7.584894	 7.329000
7.597750	 7.338523
7.610605	 7.348037
7.623461	 7.357540
7.636317	 7.367034
7.649173	 7.376518
7.662028	 7.385992
7.674884	 7.395456
7.687740	 7.404911
7.700596	 7.414355
7.713451	 7.423790
7.726307	 7.433215
7.739163	 7.442631
7.752019	 7.452036
7.764874	 7.461432
7.777730	 7.470818
7.790586	 7.480194
7.803442	 7.489560
7.816297	 7.498916
7.829153	 7.508263
7.842009	 7.517600
7.854865	 7.526927
7.867720	 7.536244
7.880576	 7.545551
7.893432	 7.554849
7.906288	 7.564136
7.919143	 7.573414
7.931999	 7.582682
7.944855	 7.591941
7.957711	 7.601189
7.970566	 7.610428
7.983422	 7.619657
7.996278	 7.628876
8.009134	 7.638085
8.021989	 7.647285
8.034845	 7.656474
8.047701	 7.665654
8.060557	 7.674824
8.073412	 7.683984
8.086268	 7.693135
8.099124	 7.702275
8.111980	 7.711406
8.124835	 7.720527
8.137691	 7.729638
8.150547	 7.738740
8.163403	 7.747831
8.176258	 7.756913
8.189114	 7.765985
8.201970	 7.775047
8.214826	 7.784099
8.227681	 7.793142
8.240537	 7.802174
8.253393	 7.811197
8.266249	 7.820210
8.279104	 7.829214
8.291960	 7.838207
8.304816	 7.847191
8.317672	 7.856164
8.330527	 7.865128
8.343383	 7.874083
8.356239	 7.883027
8.369095	 7.891962
8.381950	 7.900886
8.394806	 7.909801
8.407662	 7.918706
8.420518	 7.927602
8.433373	 7.936487
8.446229	 7.945363
8.459085	 7.954229
8.471941	 7.963085
8.484796	 7.971931
8.497652	 7.980768
8.510508	 7.989594
8.523364	 7.998411
8.536219	 8.007218
8.549075	 8.016016
8.561931	 8.024803
8.574787	 8.033581
8.587642	 8.042349
8.600498	 8.051106
8.613354	 8.059855
8.626210	 8.068593
8.639065	 8.077322
8.651921	 8.086040
8.664777	 8.094749
8.677633	 8.103448
8.690488	 8.112138
8.703344	 8.120817
8.716200	 8.129487
8.729056	 8.138147
8.741911	 8.146797
8.754767	 8.155437
8.767623	 8.164068
8.780479	 8.172688
8.793335	 8.181299
8.806190	 8.189900
8.819046	 8.198492
8.831902	 8.207073
8.844758	 8.215645
8.857613	 8.224206
8.870469	 8.232758
8.883325	 8.241301
8.896181	 8.249833
8.909036	 8.258355
8.921892	 8.266868
8.934748	 8.275371
8.947604	 8.283864
8.960459	 8.292348
8.973315	 8.300821
8.986171	 8.309285
8.999027	 8.317739
9.011882	 8.326183
9.024738	 8.334617
9.037594	 8.343042
9.050450	 8.351456
9.063305	 8.359861
9.076161	 8.368256
9.089017	 8.376641
9.101873	 8.385017
9.114728	 8.393382
9.127584	 8.401738
9.140440	 8.410084
9.153296	 8.418420
9.166151	 8.426747
9.179007	 8.435063
9.191863	 8.443370
9.204719	 8.451667
9.217574	 8.459954
9.230430	 8.468231
9.243286	 8.476499
9.256142	 8.484756
9.268997	 8.493004
9.281853	 8.501242
9.294709	 8.509471
9.307565	 8.517689
9.320420	 8.525898
9.333276	 8.534097
9.346132	 8.542286
9.358988	 8.550465
9.371843	 8.558634
9.384699	 8.566794
9.397555	 8.574943
9.410411	 8.583083
9.423266	 8.591214
9.436122	 8.599334
9.448978	 8.607445
9.461834	 8.615545
9.474689	 8.623636
9.487545	 8.631717
9.500401	 8.639789
9.513257	 8.647850
9.526112	 8.655902
9.538968	 8.663944
9.551824	 8.671976
9.564680	 8.679998
9.577535	 8.688010
9.590391	 8.696013
9.603247	 8.704006
9.616103	 8.711989
9.628958	 8.719962
9.641814	 8.727925
9.654670	 8.735879
9.667526	 8.743823
9.680381	 8.751757
9.693237	 8.759681
9.706093	 8.767595
9.718949	 8.775500
9.731804	 8.783394
9.744660	 8.791279
9.757516	 8.799154
9.770372	 8.807020
9.783227	 8.814875
9.796083	 8.822721
9.808939	 8.830557
9.821795	 8.838383
9.834650	 8.846199
9.847506	 8.854005
9.860362	 8.861802
9.873218	 8.869589
9.886073	 8.877366
9.898929	 8.885133
9.911785	 8.892890
9.924641	 8.900638
9.937496	 8.908376
9.950352	 8.916104
9.963208	 8.923822
9.976064	 8.931530
9.988919	 8.939229
10.001775	 8.946917
10.014631	 8.954596
10.027487	 8.962265
10.040342	 8.969925
10.053198	 8.977574
10.066054	 8.985214
10.078910	 8.992844
10.091765	 9.000464
10.104621	 9.008074
10.117477	 9.015674
10.130333	 9.023265
10.143188	 9.030846
10.156044	 9.038417
10.168900	 9.045978
10.181756	 9.053529
10.194611	 9.061071
10.207467	 9.068603
10.220323	 9.076125
10.233179	 9.083637
10.246034	 9.091139
10.258890	 9.098632
10.271746	 9.106114
10.284602	 9.113587
10.297458	 9.121050
10.310313	 9.128503
10.323169	 9.135947
10.336025	 9.143381
10.348881	 9.150804
10.361736	 9.158218
10.374592	 9.165623
10.387448	 9.173017
10.400304	 9.180402
10.413159	 9.187776
10.426015	 9.195141
10.438871	 9.202497
10.451727	 9.209842
10.464582	 9.217177
10.477438	 9.224503
10.490294	 9.231819
10.503150	 9.239125
10.516005	 9.246422
10.528861	 9.253708
10.541717	 9.260985
10.554573	 9.268252
10.567428	 9.275509
10.580284	 9.282756
10.593140	 9.289993
10.605996	 9.297221
10.618851	 9.304439
10.631707	 9.311647
10.644563	 9.318845
10.657419	 9.326034
10.670274	 9.333212
10.683130	 9.340381
10.695986	 9.347540
10.708842	 9.354689
10.721697	 9.361828
10.734553	 9.368958
10.747409	 9.376078
10.760265	 9.383188
10.773120	 9.390288
10.785976	 9.397378
10.798832	 9.404458
10.811688	 9.411529
10.824543	 9.418590
10.837399	 9.425641
10.850255	 9.432682
10.863111	 9.439714
10.875966	 9.446735
10.888822	 9.453747
10.901678	 9.460749
10.914534	 9.467741
10.927389	 9.474724
10.940245	 9.481696
10.953101	 9.488659
10.965957	 9.495612
10.978812	 9.502555
10.991668	 9.509489
11.004524	 9.516412
11.017380	 9.523326
11.030235	 9.530230
11.043091	 9.537124
11.055947	 9.544008
11.068803	 9.550883
11.081658	 9.557747
11.094514	 9.564602
11.107370	 9.571447
11.120226	 9.578282
11.133081	 9.585108
11.145937	 9.591923
11.158793	 9.598729
11.171649	 9.605525
11.184504	 9.612311
11.197360	 9.619088
11.210216	 9.625854
11.223072	 9.632611
11.235927	 9.639358
11.248783	 9.646095
11.261639	 9.652823
11.274495	 9.659540
11.287350	 9.666248
11.300206	 9.672946
11.313062	 9.679634
11.325918	 9.686312
11.338773	 9.692981
11.351629	 9.699639
11.364485	 9.706288
11.377341	 9.712927
11.390196	 9.719556
11.403052	 9.726176
11.415908	 9.732785
11.428764	 9.739385
11.441619	 9.745975
11.454475	 9.752555
11.467331	 9.759126
11.480187	 9.765686
11.493042	 9.772237
11.505898	 9.778778
11.518754	 9.785309
11.531610	 9.791830
11.544465	 9.798342
11.557321	 9.804844
11.570177	 9.811335
11.583033	 9.817818
11.595888	 9.824290
11.608744	 9.830752
11.621600	 9.837205
11.634456	 9.843648
11.647311	 9.850081
11.660167	 9.856504
11.673023	 9.862917
11.685879	 9.869321
11.698734	 9.875715
11.711590	 9.882099
11.724446	 9.888473
11.737302	 9.894837
11.750158	 9.901192
11.763013	 9.907537
11.775869	 9.913872
11.788725	 9.920197
11.801581	 9.926512
11.814436	 9.932817
11.827292	 9.939113
11.840148	 9.945399
11.853004	 9.951675
11.865859	 9.957941
11.878715	 9.964198
11.891571	 9.970444
11.904427	 9.976681
11.917282	 9.982908
11.930138	 9.989126
11.942994	 9.995333
11.955850	 10.001530
11.968705	 10.007718
11.981561	 10.013896
11.994417	 10.020064
12.007273	 10.026223
12.020128	 10.032371
12.032984	 10.038510
12.045840	 10.044639
12.058696	 10.050758
12.071551	 10.056867
12.084407	 10.062967
12.097263	 10.069057
12.110119	 10.075136
12.122974	 10.081206
12.135830	 10.087267
12.148686	 10.093317
12.161542	 10.099358
12.174397	 10.105389
12.187253	 10.111410
12.200109	 10.117421
12.212965	 10.123422
12.225820	 10.129414
12.238676	 10.135396
12.251532	 10.141367
12.264388	 10.147330
12.277243	 10.153282
12.290099	 10.159224
12.302955	 10.165157
12.315811	 10.171080
12.328666	 10.176993
12.341522	 10.182897
12.354378	 10.188790
12.367234	 10.194674
12.380089	 10.200548
12.392945	 10.206412
12.405801	 10.212266
12.418657	 10.218110
12.431512	 10.223945
12.444368	 10.229770
12.457224	 10.235585
12.470080	 10.241390
12.482935	 10.247185
12.495791	 10.252971
12.508647	 10.258747
12.521503	 10.264513
12.534358	 10.270269
12.547214	 10.276015
12.560070	 10.281751
12.572926	 10.287478
12.585781	 10.293195
12.598637	 10.298902
12.611493	 10.304599
12.624349	 10.310287
12.637204	 10.315965
12.650060	 10.321632
12.662916	 10.327290
12.675772	 10.332939
12.688627	 10.338577
12.701483	 10.344206
12.714339	 10.349825
12.727195	 10.355434
12.740050	 10.361033
12.752906	 10.366622
12.765762	 10.372202
12.778618	 10.377771
12.791473	 10.383331
12.804329	 10.388881
12.817185	 10.394422
12.830041	 10.399952
12.842896	 10.405473
12.855752	 10.410984
12.868608	 10.416485
12.881464	 10.421976
12.894319	 10.427458
12.907175	 10.432929
12.920031	 10.438391
12.932887	 10.443843
12.945742	 10.449285
12.958598	 10.454718
12.971454	 10.460140
12.984310	 10.465553
12.997165	 10.470956
13.010021	 10.476349
13.022877	 10.481733
13.035733	 10.487106
13.048588	 10.492470
13.061444	 10.497824
13.074300	 10.503168
13.087156	 10.508502
13.100011	 10.513827
13.112867	 10.519142
13.125723	 10.524446
13.138579	 10.529741
13.151434	 10.535027
13.164290	 10.540302
13.177146	 10.545568
13.190002	 10.550824
13.202858	 10.556070
13.215713	 10.561306
13.228569	 10.566532
13.241425	 10.571749
13.254281	 10.576956
13.267136	 10.582153
13.279992	 10.587340
13.292848	 10.592517
13.305704	 10.597685
13.318559	 10.602842
13.331415	 10.607990
13.344271	 10.613128
13.357127	 10.618257
13.369982	 10.623375
13.382838	 10.628484
13.395694	 10.633583
13.408550	 10.638672
13.421405	 10.643751
13.434261	 10.648821
13.447117	 10.653880
13.459973	 10.658930
13.472828	 10.663970
13.485684	 10.669000
13.498540	 10.674021
13.511396	 10.679031
13.524251	 10.684032
13.537107	 10.689023
13.549963	 10.694004
13.562819	 10.698975
13.575674	 10.703937
13.588530	 10.708889
13.601386	 10.713831
13.614242	 10.718763
13.627097	 10.723685
13.639953	 10.728597
13.652809	 10.733500
13.665665	 10.738393
13.678520	 10.743276
13.691376	 10.748149
13.704232	 10.753013
13.717088	 10.757866
13.729943	 10.762710
13.742799	 10.767544
13.755655	 10.772368
13.768511	 10.777183
13.781366	 10.781987
13.794222	 10.786782
13.807078	 10.791567
13.819934	 10.796342
13.832789	 10.801107
13.845645	 10.805863
13.858501	 10.810609
13.871357	 10.815344
13.884212	 10.820071
13.897068	 10.824787
13.909924	 10.829493
13.922780	 10.834190
13.935635	 10.838877
13.948491	 10.843554
13.961347	 10.848221
13.974203	 10.852879
13.987058	 10.857526
13.999914	 10.862164
14.012770	 10.866792
14.025626	 10.871410
14.038481	 10.876018
14.051337	 10.880617
14.064193	 10.885206
14.077049	 10.889785
14.089904	 10.894354
14.102760	 10.898913
14.115616	 10.903463
14.128472	 10.908002
14.141327	 10.912532
14.154183	 10.917052
14.167039	 10.921563
14.179895	 10.926063
14.192750	 10.930554
14.205606	 10.935035
14.218462	 10.939506
14.231318	 10.943967
14.244173	 10.948418
14.257029	 10.952860
14.269885	 10.957292
14.282741	 10.961714
14.295596	 10.966126
14.308452	 10.970528
14.321308	 10.974921
14.334164	 10.979303
14.347019	 10.983676
14.359875	 10.988039
14.372731	 10.992393
14.385587	 10.996736
14.398442	 11.001070
14.411298	 11.005394
14.424154	 11.009708
14.437010	 11.014012
14.449865	 11.018307
14.462721	 11.022591
14.475577	 11.026866
14.488433	 11.031131
14.501288	 11.035386
14.514144	 11.039632
14.527000	 11.043867
14.539856	 11.048093
14.552711	 11.052309
14.565567	 11.056515
14.578423	 11.060712
14.591279	 11.064898
14.604134	 11.069075
14.616990	 11.073242
14.629846	 11.077399
14.642702	 11.081546
14.655558	 11.085684
14.668413	 11.089811
14.681269	 11.093929
14.694125	 11.098037
14.706981	 11.102135
14.719836	 11.106224
14.732692	 11.110303
14.745548	 11.114371
14.758404	 11.118430
14.771259	 11.122480
14.784115	 11.126519
14.796971	 11.130549
14.809827	 11.134568
14.822682	 11.138578
14.835538	 11.142578
14.848394	 11.146569
14.861250	 11.150549
14.874105	 11.154520
14.886961	 11.158481
14.899817	 11.162432
14.912673	 11.166373
14.925528	 11.170305
14.938384	 11.174226
14.951240	 11.178138
14.964096	 11.182040
14.976951	 11.185933
14.989807	 11.189815
15.002663	 11.193688
15.015519	 11.197550
15.028374	 11.201403
15.041230	 11.205247
15.054086	 11.209080
15.066942	 11.212904
15.079797	 11.216717
15.092653	 11.220521
15.105509	 11.224315
15.118365	 11.228100
15.131220	 11.231874
15.144076	 11.235639
15.156932	 11.239394
15.169788	 11.243139
15.182643	 11.246874
15.195499	 11.250600
15.208355	 11.254315
15.221211	 11.258021
15.234066	 11.261717
15.246922	 11.265403
15.259778	 11.269080
15.272634	 11.272747
15.285489	 11.276403
15.298345	 11.280050
15.311201	 11.283687
15.324057	 11.287315
15.336912	 11.290932
15.349768	 11.294540
15.362624	 11.298138
15.375480	 11.301726
15.388335	 11.305305
15.401191	 11.308873
15.414047	 11.312432
15.426903	 11.315981
15.439758	 11.319520
15.452614	 11.323049
15.465470	 11.326568
15.478326	 11.330078
15.491181	 11.333578
15.504037	 11.337068
15.516893	 11.340548
15.529749	 11.344019
15.542604	 11.347479
15.555460	 11.350930
15.568316	 11.354371
15.581172	 11.357802
15.594027	 11.361223
15.606883	 11.364635
15.619739	 11.368037
15.632595	 11.371429
15.645450	 11.374811
15.658306	 11.378183
15.671162	 11.381546
15.684018	 11.384898
15.696873	 11.388241
15.709729	 11.391574
15.722585	 11.394898
15.735441	 11.398211
15.748296	 11.401515
15.761152	 11.404808
15.774008	 11.408092
15.786864	 11.411367
15.799719	 11.414631
15.812575	 11.417886
15.825431	 11.421130
15.838287	 11.424365
15.851142	 11.427591
15.863998	 11.430806
15.876854	 11.434011
15.889710	 11.437207
15.902565	 11.440393
15.915421	 11.443569
15.928277	 11.446736
15.941133	 11.449892
15.953988	 11.453039
15.966844	 11.456176
15.979700	 11.459303
15.992556	 11.462420
16.005411	 11.465527
16.018267	 11.468625
16.031123	 11.471713
16.043979	 11.474791
16.056834	 11.477859
16.069690	 11.480917
16.082546	 11.483966
16.095402	 11.487005
16.108257	 11.490034
16.121113	 11.493053
16.133969	 11.496062
16.146825	 11.499062
16.159681	 11.502051
16.172536	 11.505031
16.185392	 11.508001
16.198248	 11.510962
16.211104	 11.513912
16.223959	 11.516853
16.236815	 11.519784
16.249671	 11.522705
16.262527	 11.525616
16.275382	 11.528517
16.288238	 11.531409
16.301094	 11.534291
16.313950	 11.537163
16.326805	 11.540025
16.339661	 11.542877
16.352517	 11.545720
16.365373	 11.548553
16.378228	 11.551376
16.391084	 11.554189
16.403940	 11.556992
16.416796	 11.559786
16.429651	 11.562569
16.442507	 11.565343
16.455363	 11.568107
16.468219	 11.570862
16.481074	 11.573606
16.493930	 11.576341
16.506786	 11.579066
16.519642	 11.581781
16.532497	 11.584486
16.545353	 11.587181
16.558209	 11.589867
16.571065	 11.592543
16.583920	 11.595209
16.596776	 11.597865
16.609632	 11.600511
16.622488	 11.603148
16.635343	 11.605775
16.648199	 11.608391
16.661055	 11.610999
16.673911	 11.613596
16.686766	 11.616183
16.699622	 11.618761
16.712478	 11.621329
16.725334	 11.623887
16.738189	 11.626435
16.751045	 11.628974
16.763901	 11.631502
16.776757	 11.634021
16.789612	 11.636530
16.802468	 11.639030
16.815324	 11.641519
16.828180	 11.643999
16.841035	 11.646468
16.853891	 11.648928
16.866747	 11.651379
16.879603	 11.653819
16.892458	 11.656249
16.905314	 11.658670
16.918170	 11.661081
16.931026	 11.663482
16.943881	 11.665874
16.956737	 11.668255
16.969593	 11.670627
16.982449	 11.672989
16.995304	 11.675341
17.008160	 11.677683
17.021016	 11.680015
17.033872	 11.682338
17.046727	 11.684651
17.059583	 11.686954
17.072439	 11.689247
17.085295	 11.691530
17.098150	 11.693804
17.111006	 11.696068
17.123862	 11.698322
17.136718	 11.700566
17.149573	 11.702800
17.162429	 11.705025
17.175285	 11.707240
17.188141	 11.709444
17.200996	 11.711640
17.213852	 11.713825
17.226708	 11.716000
17.239564	 11.718166
17.252419	 11.720322
17.265275	 11.722468
17.278131	 11.724604
17.290987	 11.726731
17.303842	 11.728847
17.316698	 11.730954
17.329554	 11.733051
17.342410	 11.735138
17.355265	 11.737216
17.368121	 11.739283
17.380977	 11.741341
17.393833	 11.743389
17.406688	 11.745427
17.419544	 11.747456
17.432400	 11.749474
17.445256	 11.751483
17.458111	 11.753482
17.470967	 11.755471
17.483823	 11.757450
17.496679	 11.759420
17.509534	 11.761379
17.522390	 11.763329
17.535246	 11.765269
17.548102	 11.767199
17.560957	 11.769120
17.573813	 11.771030
17.586669	 11.772931
17.599525	 11.774822
17.612381	 11.776703
17.625236	 11.778575
17.638092	 11.780436
17.650948	 11.782288
17.663804	 11.784130
17.676659	 11.785962
17.689515	 11.787785
17.702371	 11.789597
17.715227	 11.791400
17.728082	 11.793193
17.740938	 11.794976
17.753794	 11.796749
17.766650	 11.798512
17.779505	 11.800266
17.792361	 11.802010
17.805217	 11.803744
17.818073	 11.805468
17.830928	 11.807183
17.843784	 11.808887
17.856640	 11.810582
17.869496	 11.812267
17.882351	 11.813942
17.895207	 11.815608
17.908063	 11.817263
17.920919	 11.818909
17.933774	 11.820545
17.946630	 11.822171
17.959486	 11.823787
17.972342	 11.825394
17.985197	 11.826991
17.998053	 11.828577
18.010909	 11.830154
18.023765	 11.831722
18.036620	 11.833279
18.049476	 11.834827
18.062332	 11.836365
18.075188	 11.837893
18.088043	 11.839411
18.100899	 11.840919
18.113755	 11.842418
18.126611	 11.843907
18.139466	 11.845386
18.152322	 11.846855
18.165178	 11.848314
18.178034	 11.849764
18.190889	 11.851204
18.203745	 11.852633
18.216601	 11.854054
18.229457	 11.855464
18.242312	 11.856864
18.255168	 11.858255
18.268024	 11.859636
18.280880	 11.861007
18.293735	 11.862368
18.306591	 11.863720
18.319447	 11.865061
18.332303	 11.866393
18.345158	 11.867715
18.358014	 11.869027
18.370870	 11.870330
18.383726	 11.871622
18.396581	 11.872905
18.409437	 11.874178
18.422293	 11.875441
18.435149	 11.876695
18.448004	 11.877938
18.460860	 11.879172
18.473716	 11.880396
18.486572	 11.881610
18.499427	 11.882814
18.512283	 11.884009
18.525139	 11.885193
18.537995	 11.886368
18.550850	 11.887533
18.563706	 11.888689
18.576562	 11.889834
18.589418	 11.890970
18.602273	 11.892096
18.615129	 11.893212
18.627985	 11.894318
18.640841	 11.895414
18.653696	 11.896501
18.666552	 11.897577
18.679408	 11.898644
18.692264	 11.899702
18.705119	 11.900749
18.717975	 11.901786
18.730831	 11.902814
18.743687	 11.903832
18.756542	 11.904840
18.769398	 11.905838
18.782254	 11.906827
18.795110	 11.907806
18.807965	 11.908774
18.820821	 11.909733
18.833677	 11.910683
18.846533	 11.911622
18.859388	 11.912552
18.872244	 11.913472
18.885100	 11.914382
18.897956	 11.915282
18.910811	 11.916172
18.923667	 11.917053
18.936523	 11.917923
18.949379	 11.918784
18.962234	 11.919636
18.975090	 11.920477
18.987946	 11.921308
19.000802	 11.922130
19.013657	 11.922942
19.026513	 11.923744
19.039369	 11.924536
19.052225	 11.925319
19.065081	 11.926092
19.077936	 11.926854
19.090792	 11.927607
19.103648	 11.928351
19.116504	 11.929084
19.129359	 11.929808
19.142215	 11.930521
19.155071	 11.931225
19.167927	 11.931920
19.180782	 11.932604
19.193638	 11.933279
19.206494	 11.933943
19.219350	 11.934598
19.232205	 11.935243
19.245061	 11.935879
19.257917	 11.936504
19.270773	 11.937120
19.283628	 11.937726
19.296484	 11.938322
19.309340	 11.938908
19.322196	 11.939485
19.335051	 11.940051
19.347907	 11.940608
19.360763	 11.941155
19.373619	 11.941692
19.386474	 11.942220
19.399330	 11.942737
19.412186	 11.943245
19.425042	 11.943743
19.437897	 11.944231
19.450753	 11.944710
19.463609	 11.945178
19.476465	 11.945637
19.489320	 11.946086
19.502176	 11.946525
19.515032	 11.946954
19.527888	 11.947374
19.540743	 11.947783
19.553599	 11.948183
19.566455	 11.948573
19.579311	 11.948954
19.592166	 11.949324
19.605022	 11.949685
19.617878	 11.950036
19.630734	 11.950377
19.643589	 11.950708
19.656445	 11.951029
19.669301	 11.951341
19.682157	 11.951643
19.695012	 11.951935
19.707868	 11.952217
19.720724	 11.952489
19.733580	 11.952752
19.746435	 11.953004
19.759291	 11.953247
19.772147	 11.953480
19.785003	 11.953704
19.797858	 11.953917
19.810714	 11.954121
19.823570	 11.954315
19.836426	 11.954499
19.849281	 11.954673
19.862137	 11.954837
19.874993	 11.954992
19.887849	 11.955137
19.900704	 11.955272
19.913560	 11.955397
19.926416	 11.955512
19.939272	 11.955618
19.952127	 11.955714
19.964983	 11.955800
19.977839	 11.955876
19.990695	 11.955942
20.003550	 11.955999
20.016406	 11.956046
20.029262	 11.956082
20.042118	 11.956110
20.054973	 11.956127
20.067829	 11.956134
20.080685	 11.956132
20.093541	 11.956120
20.106396	 11.956098
20.119252	 11.956066
20.132108	 11.956025
20.144964	 11.955973
20.157819	 11.955912
20.170675	 11.955841
20.183531	 11.955760
20.196387	 11.955670
20.209242	 11.955569
20.222098	 11.955459
20.234954	 11.955339
20.247810	 11.955209
20.260665	 11.955069
20.273521	 11.954920
20.286377	 11.954761
20.299233	 11.954591
20.312088	 11.954413
20.324944	 11.954224
20.337800	 11.954025
20.350656	 11.953817
20.363511	 11.953599
20.376367	 11.953371
20.389223	 11.953133
20.402079	 11.952885
20.414934	 11.952628
20.427790	 11.952361
20.440646	 11.952084
20.453502	 11.951797
20.466357	 11.951500
20.479213	 11.951194
20.492069	 11.950878
20.504925	 11.950552
20.517781	 11.950216
20.530636	 11.949870
20.543492	 11.949515
20.556348	 11.949149
20.569204	 11.948774
20.582059	 11.948389
20.594915	 11.947995
20.607771	 11.947590
20.620627	 11.947176
20.633482	 11.946751
20.646338	 11.946318
20.659194	 11.945874
20.672050	 11.945420
20.684905	 11.944957
20.697761	 11.944484
20.710617	 11.944000
20.723473	 11.943508
20.736328	 11.943005
20.749184	 11.942493
20.762040	 11.941970
20.774896	 11.941438
20.787751	 11.940896
20.800607	 11.940345
20.813463	 11.939783
20.826319	 11.939212
20.839174	 11.938631
20.852030	 11.938040
20.864886	 11.937439
20.877742	 11.936829
20.890597	 11.936208
20.903453	 11.935578
20.916309	 11.934938
20.929165	 11.934288
20.942020	 11.933629
20.954876	 11.932959
20.967732	 11.932280
20.980588	 11.931591
20.993443	 11.930892
21.006299	 11.930183
21.019155	 11.929465
21.032011	 11.928737
21.044866	 11.927999
21.057722	 11.927251
21.070578	 11.926493
21.083434	 11.925726
21.096289	 11.924948
21.109145	 11.924161
21.122001	 11.923364
21.134857	 11.922557
21.147712	 11.921741
21.160568	 11.920914
21.173424	 11.920078
21.186280	 11.919232
21.199135	 11.918376
21.211991	 11.917511
21.224847	 11.916635
21.237703	 11.915750
21.250558	 11.914855
21.263414	 11.913950
21.276270	 11.913036
21.289126	 11.912111
21.301981	 11.911177
21.314837	 11.910233
21.327693	 11.909279
21.340549	 11.908315
21.353404	 11.907342
21.366260	 11.906358
21.379116	 11.905365
21.391972	 11.904362
21.404827	 11.903350
21.417683	 11.902327
21.430539	 11.901295
21.443395	 11.900252
21.456250	 11.899200
21.469106	 11.898139
21.481962	 11.897067
21.494818	 11.895985
21.507673	 11.894894
21.520529	 11.893793
21.533385	 11.892682
21.546241	 11.891562
21.559096	 11.890431
21.571952	 11.889291
21.584808	 11.888141
21.597664	 11.886981
21.610519	 11.885811
21.623375	 11.884632
21.636231	 11.883442
21.649087	 11.882243
21.661942	 11.881034
21.674798	 11.879815
21.687654	 11.878587
21.700510	 11.877348
21.713365	 11.876100
21.726221	 11.874842
21.739077	 11.873574
21.751933	 11.872297
21.764788	 11.871009
21.777644	 11.869712
21.790500	 11.868405
21.803356	 11.867088
21.816211	 11.865761
21.829067	 11.864425
21.841923	 11.863079
21.854779	 11.861723
21.867634	 11.860357
21.880490	 11.858981
21.893346	 11.857595
21.906202	 11.856200
21.919057	 11.854795
21.931913	 11.853380
21.944769	 11.851955
21.957625	 11.850521
21.970480	 11.849076
21.983336	 11.847622
21.996192	 11.846158
22.009048	 11.844684
22.021904	 11.843200
22.034759	 11.841707
22.047615	 11.840204
22.060471	 11.838691
22.073327	 11.837168
22.086182	 11.835635
22.099038	 11.834093
22.111894	 11.832540
22.124750	 11.830978
22.137605	 11.829406
22.150461	 11.827824
22.163317	 11.826233
22.176173	 11.824632
22.189028	 11.823020
22.201884	 11.821399
22.214740	 11.819769
22.227596	 11.818128
22.240451	 11.816478
22.253307	 11.814817
22.266163	 11.813147
22.279019	 11.811467
22.291874	 11.809778
22.304730	 11.808078
22.317586	 11.806369
22.330442	 11.804650
22.343297	 11.802921
22.356153	 11.801182
22.369009	 11.799434
22.381865	 11.797676
22.394720	 11.795907
22.407576	 11.794130
22.420432	 11.792342
22.433288	 11.790544
22.446143	 11.788737
22.458999	 11.786920
22.471855	 11.785093
22.484711	 11.783256
22.497566	 11.781409
22.510422	 11.779553
22.523278	 11.777687
22.536134	 11.775811
22.548989	 11.773925
22.561845	 11.772029
22.574701	 11.770124
22.587557	 11.768208
22.600412	 11.766283
22.613268	 11.764348
22.626124	 11.762404
22.638980	 11.760449
22.651835	 11.758485
22.664691	 11.756511
22.677547	 11.754527
22.690403	 11.752533
22.703258	 11.750529
22.716114	 11.748516
22.728970	 11.746493
22.741826	 11.744460
22.754681	 11.742417
22.767537	 11.740364
22.780393	 11.738302
22.793249	 11.736230
22.806104	 11.734148
22.818960	 11.732056
22.831816	 11.729954
22.844672	 11.727843
22.857527	 11.725721
22.870383	 11.723590
22.883239	 11.721449
22.896095	 11.719299
22.908950	 11.717138
22.921806	 11.714968
22.934662	 11.712788
22.947518	 11.710598
22.960373	 11.708398
22.973229	 11.706188
22.986085	 11.703969
22.998941	 11.701740
23.011796	 11.699501
23.024652	 11.697252
23.037508	 11.694993
23.050364	 11.692725
23.063219	 11.690446
23.076075	 11.688158
23.088931	 11.685861
23.101787	 11.683553
23.114642	 11.681235
23.127498	 11.678908
23.140354	 11.676571
23.153210	 11.674224
23.166065	 11.671867
23.178921	 11.669501
23.191777	 11.667124
23.204633	 11.664738
23.217488	 11.662342
23.230344	 11.659936
23.243200	 11.657521
23.256056	 11.655096
23.268911	 11.652660
23.281767	 11.650215
23.294623	 11.647760
23.307479	 11.645296
23.320334	 11.642821
23.333190	 11.640337
23.346046	 11.637843
23.358902	 11.635339
23.371757	 11.632825
23.384613	 11.630302
23.397469	 11.627769
23.410325	 11.625226
23.423180	 11.622673
23.436036	 11.620110
23.448892	 11.617537
23.461748	 11.614955
23.474604	 11.612363
23.487459	 11.609761
23.500315	 11.607149
23.513171	 11.604527
23.526027	 11.601896
23.538882	 11.599255
23.551738	 11.596604
23.564594	 11.593943
23.577450	 11.591272
23.590305	 11.588592
23.603161	 11.585901
23.616017	 11.583201
23.628873	 11.580492
23.641728	 11.577772
23.654584	 11.575042
23.667440	 11.572303
23.680296	 11.569554
23.693151	 11.566795
23.706007	 11.564026
23.718863	 11.561248
23.731719	 11.558459
23.744574	 11.555661
23.757430	 11.552853
23.770286	 11.550035
23.783142	 11.547208
23.795997	 11.544370
23.808853	 11.541523
23.821709	 11.538666
23.834565	 11.535799
23.847420	 11.532922
23.860276	 11.530036
23.873132	 11.527140
23.885988	 11.524234
23.898843	 11.521318
23.911699	 11.518392
23.924555	 11.515456
23.937411	 11.512511
23.950266	 11.509556
23.963122	 11.506591
23.975978	 11.503616
23.988834	 11.500632
24.001689	 11.497637
24.014545	 11.494633
24.027401	 11.491619
24.040257	 11.488595
24.053112	 11.485562
24.065968	 11.482518
24.078824	 11.479465
24.091680	 11.476402
24.104535	 11.473329
24.117391	 11.470246
24.130247	 11.467154
24.143103	 11.464052
24.155958	 11.460940
24.168814	 11.457818
24.181670	 11.454686
24.194526	 11.451544
24.207381	 11.448393
24.220237	 11.445232
24.233093	 11.442061
24.245949	 11.438880
24.258804	 11.435690
24.271660	 11.432489
24.284516	 11.429279
24.297372	 11.426059
24.310227	 11.422829
24.323083	 11.419590
24.335939	 11.416340
24.348795	 11.413081
24.361650	 11.409812
24.374506	 11.406533
24.387362	 11.403244
24.400218	 11.399946
24.413073	 11.396637
24.425929	 11.393319
24.438785	 11.389991
24.451641	 11.386654
24.464496	 11.383306
24.477352	 11.379949
24.490208	 11.376582
24.503064	 11.373205
24.515919	 11.369818
24.528775	 11.366421
24.541631	 11.363015
24.554487	 11.359599
24.567342	 11.356173
24.580198	 11.352737
24.593054	 11.349291
24.605910	 11.345836
24.618765	 11.342370
24.631621	 11.338895
24.644477	 11.335411
24.657333	 11.331916
24.670188	 11.328411
24.683044	 11.324897
24.695900	 11.321373
24.708756	 11.317839
24.721611	 11.314295
24.734467	 11.310742
24.747323	 11.307178
24.760179	 11.303605
24.773034	 11.300022
24.785890	 11.296429
24.798746	 11.292827
24.811602	 11.289214
24.824457	 11.285592
24.837313	 11.281960
24.850169	 11.278318
24.863025	 11.274667
24.875880	 11.271005
24.888736	 11.267334
24.901592	 11.263653
24.914448	 11.259962
24.927304	 11.256261
24.940159	 11.252551
24.953015	 11.248830
24.965871	 11.245100
24.978727	 11.241360
24.991582	 11.237611
25.004438	 11.233851
25.017294	 11.230082
25.030150	 11.226302
25.043005	 11.222513
25.055861	 11.218715
25.068717	 11.214906
25.081573	 11.211088
25.094428	 11.207259
25.107284	 11.203421
25.120140	 11.199573
25.132996	 11.195716
25.145851	 11.191848
25.158707	 11.187971
25.171563	 11.184084
25.184419	 11.180187
25.197274	 11.176280
25.210130	 11.172364
25.222986	 11.168438
25.235842	 11.164501
25.248697	 11.160555
25.261553	 11.156600
25.274409	 11.152634
25.287265	 11.148659
25.300120	 11.144674
25.312976	 11.140679
25.325832	 11.136674
25.338688	 11.132659
25.351543	 11.128635
25.364399	 11.124600
25.377255	 11.120556
25.390111	 11.116503
25.402966	 11.112439
25.415822	 11.108365
25.428678	 11.104282
25.441534	 11.100189
25.454389	 11.096086
25.467245	 11.091973
25.480101	 11.087851
25.492957	 11.083718
25.505812	 11.079576
25.518668	 11.075424
25.531524	 11.071263
25.544380	 11.067091
25.557235	 11.062910
25.570091	 11.058718
25.582947	 11.054517
25.595803	 11.050307
25.608658	 11.046086
25.621514	 11.041855
25.634370	 11.037615
25.647226	 11.033365
25.660081	 11.029105
25.672937	 11.024836
25.685793	 11.020556
25.698649	 11.016267
25.711504	 11.011968
25.724360	 11.007659
25.737216	 11.003340
25.750072	 10.999012
25.762927	 10.994673
25.775783	 10.990325
25.788639	 10.985967
25.801495	 10.981599
25.814350	 10.977222
25.827206	 10.972834
25.840062	 10.968437
25.852918	 10.964030
25.865773	 10.959613
25.878629	 10.955187
25.891485	 10.950750
25.904341	 10.946304
25.917196	 10.941848
25.930052	 10.937382
25.942908	 10.932906
25.955764	 10.928421
25.968619	 10.923925
25.981475	 10.919420
25.994331	 10.914905
26.007187	 10.910381
26.020042	 10.905846
26.032898	 10.901302
26.045754	 10.896748
26.058610	 10.892184
26.071465	 10.887610
26.084321	 10.883026
26.097177	 10.878433
26.110033	 10.873830
26.122888	 10.869216
26.135744	 10.864594
26.148600	 10.859961
26.161456	 10.855319
26.174311	 10.850666
26.187167	 10.846004
26.200023	 10.841332
26.212879	 10.836651
26.225734	 10.831959
26.238590	 10.827258
26.251446	 10.822547
26.264302	 10.817826
26.277157	 10.813095
26.290013	 10.808354
26.302869	 10.803604
26.315725	 10.798844
26.328580	 10.794074
26.341436	 10.789294
26.354292	 10.784504
26.367148	 10.779705
26.380004	 10.774896
26.392859	 10.770077
26.405715	 10.765248
26.418571	 10.760409
26.431427	 10.755561
26.444282	 10.750702
26.457138	 10.745834
26.469994	 10.740956
26.482850	 10.736069
26.495705	 10.731171
26.508561	 10.726264
26.521417	 10.721347
26.534273	 10.716420
26.547128	 10.711483
26.559984	 10.706536
26.572840	 10.701580
26.585696	 10.696614
26.598551	 10.691638
26.611407	 10.686652
26.624263	 10.681656
26.637119	 10.676651
26.649974	 10.671636
26.662830	 10.666611
26.675686	 10.661576
26.688542	 10.656531
26.701397	 10.651477
26.714253	 10.646412
26.727109	 10.641338
26.739965	 10.636254
26.752820	 10.631161
26.765676	 10.626057
26.778532	 10.620944
26.791388	 10.615821
26.804243	 10.610688
26.817099	 10.605545
26.829955	 10.600392
26.842811	 10.595230
26.855666	 10.590058
26.868522	 10.584876
26.881378	 10.579684
26.894234	 10.574482
26.907089	 10.569271
26.919945	 10.564050
26.932801	 10.558819
26.945657	 10.553578
26.958512	 10.548327
26.971368	 10.543067
26.984224	 10.537796
26.997080	 10.532516
27.009935	 10.527226
27.022791	 10.521926
27.035647	 10.516617
27.048503	 10.511298
27.061358	 10.505968
27.074214	 10.500629
27.087070	 10.495281
27.099926	 10.489922
27.112781	 10.484554
27.125637	 10.479175
27.138493	 10.473787
27.151349	 10.468390
27.164204	 10.462982
27.177060	 10.457565
27.189916	 10.452137
27.202772	 10.446700
27.215627	 10.441253
27.228483	 10.435797
27.241339	 10.430330
27.254195	 10.424854
27.267050	 10.419368
27.279906	 10.413872
27.292762	 10.408366
27.305618	 10.402850
27.318473	 10.397325
27.331329	 10.391790
27.344185	 10.386245
27.357041	 10.380690
27.369896	 10.375126
27.382752	 10.369551
27.395608	 10.363967
27.408464	 10.358373
27.421319	 10.352769
27.434175	 10.347155
27.447031	 10.341532
27.459887	 10.335899
27.472742	 10.330256
27.485598	 10.324603
27.498454	 10.318940
27.511310	 10.313267
27.524165	 10.307585
27.537021	 10.301893
27.549877	 10.296191
27.562733	 10.290479
27.575588	 10.284758
27.588444	 10.279026
27.601300	 10.273285
27.614156	 10.267534
27.627011	 10.261773
27.639867	 10.256003
27.652723	 10.250222
27.665579	 10.244432
27.678434	 10.238632
27.691290	 10.232822
27.704146	 10.227003
27.717002	 10.221173
27.729857	 10.215334
27.742713	 10.209485
27.755569	 10.203626
27.768425	 10.197757
27.781280	 10.191879
27.794136	 10.185990
27.806992	 10.180092
27.819848	 10.174184
27.832703	 10.168266
27.845559	 10.162339
27.858415	 10.156401
27.871271	 10.150454
27.884127	 10.144497
27.896982	 10.138530
27.909838	 10.132554
27.922694	 10.126567
27.935550	 10.120571
27.948405	 10.114565
27.961261	 10.108549
27.974117	 10.102524
27.986973	 10.096488
27.999828	 10.090443
28.012684	 10.084388
28.025540	 10.078323
28.038396	 10.072248
28.051251	 10.066164
28.064107	 10.060069
28.076963	 10.053965
28.089819	 10.047851
28.102674	 10.041727
28.115530	 10.035594
28.128386	 10.029450
28.141242	 10.023297
28.154097	 10.017134
28.166953	 10.010961
28.179809	 10.004779
28.192665	 9.998586
28.205520	 9.992384
28.218376	 9.986172
28.231232	 9.979950
28.244088	 9.973718
28.256943	 9.967477
28.269799	 9.961226
28.282655	 9.954964
28.295511	 9.948694
28.308366	 9.942413
28.321222	 9.936122
28.334078	 9.929822
28.346934	 9.923512
28.359789	 9.917192
28.372645	 9.910862
28.385501	 9.904522
28.398357	 9.898173
28.411212	 9.891814
28.424068	 9.885445
28.436924	 9.879066
28.449780	 9.872677
28.462635	 9.866279
28.475491	 9.859871
28.488347	 9.853453
28.501203	 9.847025
28.514058	 9.840587
28.526914	 9.834139
28.539770	 9.827682
28.552626	 9.821215
28.565481	 9.814738
28.578337	 9.808251
28.591193	 9.801755
28.604049	 9.795248
28.616904	 9.788732
28.629760	 9.782206
28.642616	 9.775671
28.655472	 9.769125
28.668327	 9.762570
28.681183	 9.756004
28.694039	 9.749429
28.706895	 9.742844
28.719750	 9.736250
28.732606	 9.729645
28.745462	 9.723031
28.758318	 9.716407
28.771173	 9.709773
28.784029	 9.703129
28.796885	 9.696476
28.809741	 9.689813
28.822596	 9.683139
28.835452	 9.676456
28.848308	 9.669764
28.861164	 9.663061
28.874019	 9.656349
28.886875	 9.649627
28.899731	 9.642895
28.912587	 9.636153
28.925442	 9.629401
28.938298	 9.622640
28.951154	 9.615869
28.964010	 9.609087
28.976865	 9.602297
28.989721	 9.595496
29.002577	 9.588686
29.015433	 9.581865
29.028288	 9.575035
29.041144	 9.568195
29.054000	 9.561346
29.066856	 9.554486
29.079711	 9.547617
29.092567	 9.540738
29.105423	 9.533849
29.118279	 9.526950
29.131134	 9.520041
29.143990	 9.513123
29.156846	 9.506195
29.169702	 9.499257
29.182557	 9.492309
29.195413	 9.485351
29.208269	 9.478384
29.221125	 9.471407
29.233980	 9.464420
29.246836	 9.457423
29.259692	 9.450416
29.272548	 9.443400
29.285403	 9.436373
29.298259	 9.429337
29.311115	 9.422291
29.323971	 9.415235
29.336827	 9.408170
29.349682	 9.401095
29.362538	 9.394009
29.375394	 9.386915
29.388250	 9.379810
29.401105	 9.372695
29.413961	 9.365571
29.426817	 9.358437
29.439673	 9.351293
29.452528	 9.344139
29.465384	 9.336975
29.478240	 9.329802
29.491096	 9.322618
29.503951	 9.315425
29.516807	 9.308222
29.529663	 9.301010
29.542519	 9.293787
29.555374	 9.286555
29.568230	 9.279313
29.581086	 9.272061
29.593942	 9.264799
29.606797	 9.257528
29.619653	 9.250246
29.632509	 9.242955
29.645365	 9.235654
29.658220	 9.228343
29.671076	 9.221023
29.683932	 9.213692
29.696788	 9.206352
29.709643	 9.199002
29.722499	 9.191642
29.735355	 9.184273
29.748211	 9.176893
29.761066	 9.169504
29.773922	 9.162105
29.786778	 9.154696
29.799634	 9.147277
29.812489	 9.139849
29.825345	 9.132411
29.838201	 9.124962
29.851057	 9.117505
29.863912	 9.110037
29.876768	 9.102559
29.889624	 9.095072
29.902480	 9.087575
29.915335	 9.080068
29.928191	 9.072551
29.941047	 9.065024
29.953903	 9.057488
29.966758	 9.049942
29.979614	 9.042386
29.992470	 9.034820
30.005326	 9.027244
30.018181	 9.019659
30.031037	 9.012063
30.043893	 9.004458
30.056749	 8.996843
30.069604	 8.989219
30.082460	 8.981584
30.095316	 8.973940
30.108172	 8.966286
30.121027	 8.958622
30.133883	 8.950948
30.146739	 8.943265
30.159595	 8.935571
30.172450	 8.927868
30.185306	 8.920155
30.198162	 8.912432
30.211018	 8.904700
30.223873	 8.896957
30.236729	 8.889205
30.249585	 8.881443
30.262441	 8.873671
30.275296	 8.865889
30.288152	 8.858098
30.301008	 8.850297
30.313864	 8.842486
30.326719	 8.834665
30.339575	 8.826834
30.352431	 8.818993
30.365287	 8.811143
30.378142	 8.803283
30.390998	 8.795413
30.403854	 8.787533
30.416710	 8.779644
30.429565	 8.771744
30.442421	 8.763835
30.455277	 8.755916
30.468133	 8.747987
30.480988	 8.740049
30.493844	 8.732100
30.506700	 8.724142
30.519556	 8.716174
30.532411	 8.708196
30.545267	 8.700208
30.558123	 8.692211
30.570979	 8.684204
30.583834	 8.676187
30.596690	 8.668160
30.609546	 8.660123
30.622402	 8.652076
30.635257	 8.644020
30.648113	 8.635954
30.660969	 8.627878
30.673825	 8.619792
30.686680	 8.611697
30.699536	 8.603591
30.712392	 8.595476
30.725248	 8.587351
30.738103	 8.579216
30.750959	 8.571071
30.763815	 8.562917
30.776671	 8.554753
30.789527	 8.546579
30.802382	 8.538395
30.815238	 8.530201
30.828094	 8.521998
30.840950	 8.513784
30.853805	 8.505561
30.866661	 8.497328
30.879517	 8.489086
30.892373	 8.480833
30.905228	 8.472571
30.918084	 8.464299
30.930940	 8.456017
30.943796	 8.447725
30.956651	 8.439423
30.969507	 8.431112
30.982363	 8.422791
30.995219	 8.414460
31.008074	 8.406119
31.020930	 8.397768
31.033786	 8.389408
31.046642	 8.381037
31.059497	 8.372657
31.072353	 8.364267
31.085209	 8.355868
31.098065	 8.347458
31.110920	 8.339039
31.123776	 8.330610
31.136632	 8.322171
31.149488	 8.313722
31.162343	 8.305264
31.175199	 8.296795
31.188055	 8.288317
31.200911	 8.279829
31.213766	 8.271331
31.226622	 8.262824
31.239478	 8.254306
31.252334	 8.245779
31.265189	 8.237242
31.278045	 8.228695
31.290901	 8.220139
31.303757	 8.211572
31.316612	 8.202996
31.329468	 8.194410
31.342324	 8.185814
31.355180	 8.177208
31.368035	 8.168593
31.380891	 8.159967
31.393747	 8.151332
31.406603	 8.142687
31.419458	 8.134032
31.432314	 8.125368
31.445170	 8.116694
31.458026	 8.108009
31.470881	 8.099315
31.483737	 8.090612
31.496593	 8.081898
31.509449	 8.073175
31.522304	 8.064441
31.535160	 8.055698
31.548016	 8.046945
31.560872	 8.038183
31.573727	 8.029410
31.586583	 8.020628
31.599439	 8.011836
31.612295	 8.003034
31.625150	 7.994222
31.638006	 7.985401
31.650862	 7.976569
31.663718	 7.967728
31.676573	 7.958877
31.689429	 7.950017
31.702285	 7.941146
31.715141	 7.932266
31.727996	 7.923375
31.740852	 7.914475
31.753708	 7.905566
31.766564	 7.896646
31.779419	 7.887717
31.792275	 7.878777
31.805131	 7.869828
31.817987	 7.860869
31.830842	 7.851901
31.843698	 7.842922
31.856554	 7.833934
31.869410	 7.824936
31.882265	 7.815928
31.895121	 7.806910
31.907977	 7.797883
31.920833	 7.788845
31.933688	 7.779798
31.946544	 7.770741
31.959400	 7.761675
31.972256	 7.752598
31.985111	 7.743512
31.997967	 7.734415
32.010823	 7.725309
32.023679	 7.716193
32.036534	 7.707068
32.049390	 7.697932
32.062246	 7.688787
32.075102	 7.679632
32.087957	 7.670467
32.100813	 7.661293
32.113669	 7.652108
32.126525	 7.642914
32.139380	 7.633710
32.152236	 7.624496
32.165092	 7.615272
32.177948	 7.606038
32.190803	 7.596795
32.203659	 7.587542
32.216515	 7.578279
32.229371	 7.569006
32.242227	 7.559724
32.255082	 7.550431
32.267938	 7.541129
32.280794	 7.531817
32.293650	 7.522495
32.306505	 7.513164
32.319361	 7.503822
32.332217	 7.494471
32.345073	 7.485110
32.357928	 7.475739
32.370784	 7.466358
32.383640	 7.456968
32.396496	 7.447567
32.409351	 7.438157
32.422207	 7.428737
32.435063	 7.419308
32.447919	 7.409868
32.460774	 7.400419
32.473630	 7.390959
32.486486	 7.381490
32.499342	 7.372012
32.512197	 7.362523
32.525053	 7.353025
32.537909	 7.343516
32.550765	 7.333998
32.563620	 7.324471
32.576476	 7.314933
32.589332	 7.305385
32.602188	 7.295828
32.615043	 7.286261
32.627899	 7.276684
32.640755	 7.267098
32.653611	 7.257501
32.666466	 7.247895
32.679322	 7.238279
32.692178	 7.228653
32.705034	 7.219017
32.717889	 7.209371
32.730745	 7.199716
32.743601	 7.190051
32.756457	 7.180376
32.769312	 7.170691
32.782168	 7.160996
32.795024	 7.151292
32.807880	 7.141578
32.820735	 7.131854
32.833591	 7.122120
32.846447	 7.112376
32.859303	 7.102623
32.872158	 7.092859
32.885014	 7.083086
32.897870	 7.073303
32.910726	 7.063511
32.923581	 7.053708
32.936437	 7.043896
32.949293	 7.034074
32.962149	 7.024242
32.975004	 7.014400
32.987860	 7.004548
33.000716	 6.994687
33.013572	 6.984816
33.026427	 6.974935
33.039283	 6.965044
33.052139	 6.955143
33.064995	 6.945233
33.077850	 6.935313
33.090706	 6.925383
33.103562	 6.915443
33.116418	 6.905493
33.129273	 6.895534
33.142129	 6.885564
33.154985	 6.875585
33.167841	 6.865596
33.180696	 6.855598
33.193552	 6.845589
33.206408	 6.835571
33.219264	 6.825543
33.232119	 6.815505
33.244975	 6.805457
33.257831	 6.795399
33.270687	 6.785332
33.283542	 6.775255
33.296398	 6.765168
33.309254	 6.755071
33.322110	 6.744964
33.334965	 6.734848
33.347821	 6.724722
33.360677	 6.714585
33.373533	 6.704440
33.386388	 6.694284
33.399244	 6.684118
33.412100	 6.673943
33.424956	 6.663758
33.437811	 6.653563
33.450667	 6.643358
33.463523	 6.633144
33.476379	 6.622919
33.489234	 6.612685
33.502090	 6.602441
33.514946	 6.592188
33.527802	 6.581924
33.540657	 6.571651
33.553513	 6.561367
33.566369	 6.551074
33.579225	 6.540772
33.592080	 6.530459
33.604936	 6.520136
33.617792	 6.509804
33.630648	 6.499462
33.643503	 6.489110
33.656359	 6.478749
33.669215	 6.468377
33.682071	 6.457996
33.694926	 6.447605
33.707782	 6.437204
33.720638	 6.426793
33.733494	 6.416372
33.746350	 6.405942
33.759205	 6.395502
33.772061	 6.385052
33.784917	 6.374592
33.797773	 6.364122
33.810628	 6.353643
33.823484	 6.343154
33.836340	 6.332655
33.849196	 6.322146
33.862051	 6.311627
33.874907	 6.301099
33.887763	 6.290561
33.900619	 6.280013
33.913474	 6.269455
33.926330	 6.258887
33.939186	 6.248309
33.952042	 6.237722
33.964897	 6.227125
33.977753	 6.216518
33.990609	 6.205901
34.003465	 6.195275
34.016320	 6.184638
34.029176	 6.173992
34.042032	 6.163336
34.054888	 6.152670
34.067743	 6.141995
34.080599	 6.131309
34.093455	 6.120614
34.106311	 6.109909
34.119166	 6.099194
34.132022	 6.088470
34.144878	 6.077735
34.157734	 6.066991
34.170589	 6.056237
34.183445	 6.045473
34.196301	 6.034699
34.209157	 6.023916
34.222012	 6.013122
34.234868	 6.002319
34.247724	 5.991506
34.260580	 5.980683
34.273435	 5.969851
34.286291	 5.959008
34.299147	 5.948156
34.312003	 5.937294
34.324858	 5.926422
34.337714	 5.915541
34.350570	 5.904649
34.363426	 5.893748
34.376281	 5.882837
34.389137	 5.871916
34.401993	 5.860986
34.414849	 5.850045
34.427704	 5.839095
34.440560	 5.828135
34.453416	 5.817165
34.466272	 5.806185
34.479127	 5.795195
34.491983	 5.784196
34.504839	 5.773187
34.517695	 5.762168
34.530550	 5.751139
34.543406	 5.740101
34.556262	 5.729052
34.569118	 5.717994
34.581973	 5.706926
34.594829	 5.695848
34.607685	 5.684761
34.620541	 5.673663
34.633396	 5.662556
34.646252	 5.651439
34.659108	 5.640312
34.671964	 5.629175
34.684819	 5.618029
34.697675	 5.606873
34.710531	 5.595706
34.723387	 5.584531
34.736242	 5.573345
34.749098	 5.562149
34.761954	 5.550944
34.774810	 5.539729
34.787665	 5.528504
34.800521	 5.517269
34.813377	 5.506024
34.826233	 5.494770
34.839088	 5.483506
34.851944	 5.472232
34.864800	 5.460948
34.877656	 5.449654
34.890511	 5.438351
34.903367	 5.427038
34.916223	 5.415714
34.929079	 5.404382
34.941934	 5.393039
34.954790	 5.381686
34.967646	 5.370324
34.980502	 5.358952
34.993357	 5.347570
35.006213	 5.336178
35.019069	 5.324777
35.031925	 5.313365
35.044780	 5.301944
35.057636	 5.290513
35.070492	 5.279072
35.083348	 5.267622
35.096203	 5.256161
35.109059	 5.244691
35.121915	 5.233211
35.134771	 5.221721
35.147626	 5.210222
35.160482	 5.198712
35.173338	 5.187193
35.186194	 5.175664
35.199050	 5.164125
35.211905	 5.152576
35.224761	 5.141018
35.237617	 5.129449
35.250473	 5.117871
35.263328	 5.106283
35.276184	 5.094686
35.289040	 5.083078
35.301896	 5.071461
35.314751	 5.059834
35.327607	 5.048197
35.340463	 5.036550
35.353319	 5.024893
35.366174	 5.013227
35.379030	 5.001550
35.391886	 4.989864
35.404742	 4.978169
35.417597	 4.966463
35.430453	 4.954747
35.443309	 4.943022
35.456165	 4.931287
35.469020	 4.919542
35.481876	 4.907787
35.494732	 4.896023
35.507588	 4.884249
35.520443	 4.872464
35.533299	 4.860671
35.546155	 4.848867
35.559011	 4.837053
35.571866	 4.825230
35.584722	 4.813397
35.597578	 4.801554
35.610434	 4.789701
35.623289	 4.777838
35.636145	 4.765966
35.649001	 4.754084
35.661857	 4.742191
35.674712	 4.730290
35.687568	 4.718378
35.700424	 4.706456
35.713280	 4.694525
35.726135	 4.682584
35.738991	 4.670633
35.751847	 4.658672
35.764703	 4.646702
35.777558	 4.634722
35.790414	 4.622731
35.803270	 4.610731
35.816126	 4.598722
35.828981	 4.586702
35.841837	 4.574673
35.854693	 4.562633
35.867549	 4.550584
35.880404	 4.538526
35.893260	 4.526457
35.906116	 4.514379
35.918972	 4.502290
35.931827	 4.490192
35.944683	 4.478084
35.957539	 4.465967
35.970395	 4.453839
35.983250	 4.441702
35.996106	 4.429555
36.008962	 4.417398
36.021818	 4.405231
36.034673	 4.393055
36.047529	 4.380868
36.060385	 4.368672
36.073241	 4.356466
36.086096	 4.344250
36.098952	 4.332025
36.111808	 4.319789
36.124664	 4.307544
36.137519	 4.295289
36.150375	 4.283024
36.163231	 4.270750
36.176087	 4.258465
36.188942	 4.246171
36.201798	 4.233867
36.214654	 4.221553
36.227510	 4.209229
36.240365	 4.196896
36.253221	 4.184552
36.266077	 4.172199
36.278933	 4.159836
36.291788	 4.147464
36.304644	 4.135081
36.317500	 4.122689
36.330356	 4.110287
36.343211	 4.097875
36.356067	 4.085453
36.368923	 4.073021
36.381779	 4.060580
36.394634	 4.048129
36.407490	 4.035668
36.420346	 4.023197
36.433202	 4.010716
36.446057	 3.998226
36.458913	 3.985725
36.471769	 3.973215
36.484625	 3.960695
36.497480	 3.948166
36.510336	 3.935626
36.523192	 3.923077
36.536048	 3.910518
36.548903	 3.897949
36.561759	 3.885370
36.574615	 3.872781
36.587471	 3.860183
36.600326	 3.847575
36.613182	 3.834957
36.626038	 3.822329
36.638894	 3.809692
36.651750	 3.797044
36.664605	 3.784387
36.677461	 3.771720
36.690317	 3.759043
36.703173	 3.746356
36.716028	 3.733660
36.728884	 3.720954
36.741740	 3.708237
36.754596	 3.695512
36.767451	 3.682776
36.780307	 3.670030
36.793163	 3.657275
36.806019	 3.644510
36.818874	 3.631735
36.831730	 3.618950
36.844586	 3.606156
36.857442	 3.593351
36.870297	 3.580537
36.883153	 3.567713
36.896009	 3.554879
36.908865	 3.542036
36.921720	 3.529182
36.934576	 3.516319
36.947432	 3.503446
36.960288	 3.490563
36.973143	 3.477670
36.985999	 3.464768
36.998855	 3.451856
37.011711	 3.438933
37.024566	 3.426002
37.037422	 3.413060
37.050278	 3.400108
37.063134	 3.387147
37.075989	 3.374176
37.088845	 3.361195
37.101701	 3.348204
37.114557	 3.335203
37.127412	 3.322193
37.140268	 3.309173
37.153124	 3.296143
37.165980	 3.283103
37.178835	 3.270053
37.191691	 3.256994
37.204547	 3.243925
37.217403	 3.230846
37.230258	 3.217757
37.243114	 3.204658
37.255970	 3.191550
37.268826	 3.178431
37.281681	 3.165303
37.294537	 3.152165
37.307393	 3.139018
37.320249	 3.125860
37.333104	 3.112693
37.345960	 3.099515
37.358816	 3.086329
37.371672	 3.073132
37.384527	 3.059925
37.397383	 3.046709
37.410239	 3.033483
37.423095	 3.020247
37.435950	 3.007001
37.448806	 2.993745
37.461662	 2.980480
37.474518	 2.967204
37.487373	 2.953919
37.500229	 2.940624
37.513085	 2.927320
37.525941	 2.914005
37.538796	 2.900681
37.551652	 2.887347
37.564508	 2.874003
37.577364	 2.860649
37.590219	 2.847286
37.603075	 2.833912
37.615931	 2.820529
37.628787	 2.807136
37.641642	 2.793733
37.654498	 2.780321
37.667354	 2.766898
37.680210	 2.753466
37.693065	 2.740024
37.705921	 2.726572
37.718777	 2.713110
37.731633	 2.699639
37.744488	 2.686158
37.757344	 2.672667
37.770200	 2.659166
37.783056	 2.645655
37.795911	 2.632135
37.808767	 2.618604
37.821623	 2.605064
37.834479	 2.591514
37.847334	 2.577954
37.860190	 2.564385
37.873046	 2.550805
37.885902	 2.537216
37.898757	 2.523617
37.911613	 2.510009
37.924469	 2.496390
37.937325	 2.482761
37.950180	 2.469123
37.963036	 2.455475
37.975892	 2.441817
37.988748	 2.428150
38.001603	 2.414472
38.014459	 2.400785
38.027315	 2.387088
38.040171	 2.373381
38.053026	 2.359664
38.065882	 2.345938
38.078738	 2.332201
38.091594	 2.318455
38.104450	 2.304699
38.117305	 2.290934
38.130161	 2.277158
38.143017	 2.263373
38.155873	 2.249577
38.168728	 2.235772
38.181584	 2.221958
38.194440	 2.208133
38.207296	 2.194299
38.220151	 2.180454
38.233007	 2.166600
38.245863	 2.152736
38.258719	 2.138863
38.271574	 2.124979
38.284430	 2.111086
38.297286	 2.097183
38.310142	 2.083270
38.322997	 2.069347
38.335853	 2.055415
38.348709	 2.041472
38.361565	 2.027520
38.374420	 2.013558
38.387276	 1.999586
38.400132	 1.985605
38.412988	 1.971613
38.425843	 1.957612
38.438699	 1.943601
38.451555	 1.929580
38.464411	 1.915550
38.477266	 1.901509
38.490122	 1.887459
38.502978	 1.873399
38.515834	 1.859329
38.528689	 1.845249
38.541545	 1.831160
38.554401	 1.817061
38.567257	 1.802952
38.580112	 1.788833
38.592968	 1.774704
38.605824	 1.760565
38.618680	 1.746417
38.631535	 1.732259
38.644391	 1.718091
38.657247	 1.703913
38.670103	 1.689726
38.682958	 1.675528
38.695814	 1.661321
38.708670	 1.647104
38.721526	 1.632877
38.734381	 1.618640
38.747237	 1.604394
38.760093	 1.590138
38.772949	 1.575872
38.785804	 1.561596
38.798660	 1.547310
38.811516	 1.533015
38.824372	 1.518709
38.837227	 1.504394
38.850083	 1.490069
38.862939	 1.475734
38.875795	 1.461390
38.888650	 1.447036
38.901506	 1.432671
38.914362	 1.418297
38.927218	 1.403914
38.940073	 1.389520
38.952929	 1.375117
38.965785	 1.360703
38.978641	 1.346280
38.991496	 1.331848
39.004352	 1.317405
39.017208	 1.302952
39.030064	 1.288490
39.042919	 1.274018
39.055775	 1.259536
39.068631	 1.245044
39.081487	 1.230543
39.094342	 1.216032
39.107198	 1.201510
39.120054	 1.186980
39.132910	 1.172439
39.145765	 1.157888
39.158621	 1.143328
39.171477	 1.128758
39.184333	 1.114178
39.197188	 1.099588
39.210044	 1.084988
39.222900	 1.070379
39.235756	 1.055760
39.248611	 1.041131
39.261467	 1.026492
39.274323	 1.011843
39.287179	 0.997185
39.300034	 0.982516
39.312890	 0.967838
39.325746	 0.953150
39.338602	 0.938453
39.351457	 0.923745
39.364313	 0.909028
39.377169	 0.894301
39.390025	 0.879564
39.402880	 0.864817
39.415736	 0.850060
39.428592	 0.835294
39.441448	 0.820518
39.454303	 0.805732
39.467159	 0.790936
39.480015	 0.776130
39.492871	 0.761315
39.505726	 0.746490
39.518582	 0.731655
39.531438	 0.716810
39.544294	 0.701955
39.557150	 0.687091
39.570005	 0.672216
39.582861	 0.657332
39.595717	 0.642438
39.608573	 0.627535
39.621428	 0.612621
39.634284	 0.597698
39.647140	 0.582765
39.659996	 0.567822
39.672851	 0.552869
39.685707	 0.537906
39.698563	 0.522934
39.711419	 0.507952
39.724274	 0.492960
39.737130	 0.477958
39.749986	 0.462946
39.762842	 0.447925
39.775697	 0.432893
39.788553	 0.417852
39.801409	 0.402802
39.814265	 0.387741
39.827120	 0.372670
39.839976	 0.357590
39.852832	 0.342500
39.865688	 0.327400
39.878543	 0.312290
39.891399	 0.297171
39.904255	 0.282041
39.917111	 0.266902
39.929966	 0.251753
39.942822	 0.236595
39.955678	 0.221426
39.968534	 0.206248
39.981389	 0.191059
39.994245	 0.175861
40.007101	 0.160653
40.019957	 0.145436
40.032812	 0.130208
40.045668	 0.114971
40.058524	 0.099724
40.071380	 0.084467
40.084235	 0.069200
40.097091	 0.053924
40.109947	 0.038638
40.122803	 0.023342
40.135658	 0.008036
